unnamed: 0
22523
22522
22521
22520
22519
22518
22517
22516
22515
22514
22513
22512
22511
22510
22509
22508
22507
22506
22505
22504
22503
22502
22501
22500
22499
22498
22497
22496
22495
22494
22493
22492
22491
22490
22489
22488
22487
22486
22485
22484
22483
22482
22481
22480
22479
22478
22477
22476
22475
22474
22473
22472
22471
22470
22469
22468
22467
22466
22465
22464
22463
22462
22461
22460
22459
22458
22457
22456
22455
22454
22453
22452
22451
22450
22449
22448
22447
22446
22445
22444
22443
22442
22441
22440
22439
22438
22437
22436
22435
22434
22433
22432
22431
22430
22429
22428
22427
22426
22425
22424
22423
22422
22421
22420
22419
22418
22417
22416
22415
22414
22413
22412
22411
22410
22409
22408
22407
22406
22405
22404
22403
22402
22401
22400
22399
22398
22397
22396
22395
22394
22393
22392
22391
22390
22389
22388
22387
22386
22385
22384
22383
22382
22381
22380
22379
22378
22377
22376
22375
22374
22373
22372
22371
22370
22369
22368
22367
22366
22365
22364
22363
22362
22361
22360
22359
22358
22357
22356
22355
22354
22353
22352
22351
22350
22349
22348
22347
22346
22345
22344
22343
22342
22341
22340
22339
22338
22337
22336
22335
22334
22333
22332
22331
22330
22329
22328
22327
22326
22325
22324
22323
22322
22321
22320
22319
22318
22317
22316
22315
22314
22313
22312
22311
22310
22309
22308
22307
22306
22305
22304
22303
22302
22301
22300
22299
22298
22297
22296
22295
22294
22293
22292
22291
22290
22289
22288
22287
22286
22285
22284
22283
22282
22281
22280
22279
22278
22277
22276
22275
22274
22273
22272
22271
22270
22269
22268
22267
22266
22265
22264
22263
22262
22261
22260
22259
22258
22257
22256
22255
22254
22253
22252
22251
22250
22249
22248
22247
22246
22245
22244
22243
22242
22241
22240
22239
22238
22237
22236
22235
22234
22233
22232
22231
22230
22229
22228
22227
22226
22225
22224
22223
22222
22221
22220
22219
22218
22217
22216
22215
22214
22213
22212
22211
22210
22209
22208
22207
22206
22205
22204
22203
22202
22201
22200
22199
22198
22197
22196
22195
22194
22193
22192
22191
22190
22189
22188
22187
22186
22185
22184
22183
22182
22181
22180
22179
22178
22177
22176
22175
22174
22173
22172
22171
22170
22169
22168
22167
22166
22165
22164
22163
22162
22161
22160
22159
22158
22157
22156
22155
22154
22153
22152
22151
22150
22149
22148
22147
22144
22146
22145
22143
22142
22141
22140
22139
22138
22137
22136
22135
22134
22133
22132
22131
22130
22129
22128
22127
22126
22125
22124
22123
22122
22121
22120
22119
22118
22117
22115
22116
22114
22113
22112
22111
22110
22109
22108
22107
22106
22105
22104
22103
22102
22101
22100
22099
22098
22097
22096
22095
22094
22093
22092
22091
22090
22089
22088
22087
22086
22085
22084
22083
22082
22081
22080
22079
22078
22077
22076
22075
22074
22073
22072
22071
22070
22069
22068
22067
22066
22065
22064
22063
22062
22061
22060
22059
22058
22057
22056
22055
22054
22053
22052
22051
22050
22049
22048
22047
22046
22045
22044
22043
22042
22041
22040
22039
22038
22037
22036
22035
22034
22033
22032
22031
22030
22029
22028
22027
22026
22025
22024
22023
22022
22021
22020
22019
22018
22017
22016
22015
22014
22013
22012
22011
22010
22009
22008
22007
22006
22005
22004
22003
22002
22001
22000
21999
21998
21997
21996
21995
21994
21993
21992
21991
21990
21989
21988
21987
21986
21985
21984
21983
21982
21981
21980
21979
21978
21977
21976
21975
21974
21973
21972
21971
21970
21969
21968
21967
21966
21965
21964
21963
21962
21961
21960
21959
21958
21957
21956
21955
21954
21953
21952
21950
21951
21949
21948
21947
21946
21945
21944
21943
21942
21941
21940
21939
21938
21937
21936
21935
21934
21933
21932
21931
21930
21929
21928
21927
21926
21925
21924
21923
21922
21921
21920
21919
21918
21917
21916
21915
21914
21913
21912
21911
21910
21909
21908
21907
21906
21905
21904
21903
21902
21901
21900
21899
21898
21897
21896
21895
21894
21893
21892
21891
21890
21889
21888
21887
21886
21885
21883
21884
21882
21881
21880
21879
21878
21877
21876
21875
21874
21873
21872
21871
21870
21869
21868
21867
21866
21865
21864
21863
21862
21861
21860
21859
21858
21857
21856
21855
21854
21853
21852
21851
21850
21849
21848
21847
21846
21845
21844
21843
21842
21841
21840
21839
21838
21837
21836
21835
21834
21833
21832
21831
21830
21829
21828
21827
21826
21825
21824
21823
21822
21821
